0,405
0,404
0,403
0,402
0,399
0,398
0,397
0,396
51,52
51,51
51,50
51,49
51,48
51,47
51,46
51,45
51,44
51,43
51,42
51,41
51,40
51,39
51,38
51,37
51,36
0,395
33,64
33,160
33,159
33,158
33,157
33,156
33,155
33,154
33,153
33,152
33,151
33,150
33,149
33,148
33,147
33,146
33,145
33,144
33,143
33,142
33,141
33,140
33,139
33,138
33,137
33,136
33,135
33,134
33,133
33,132
33,131
33,130
33,129
33,128
33,191
33,190
33,189
33,188
33,187
33,186
33,185
33,184
33,183
33,182
33,181
33,180
33,179
33,178
0,394
33,168
33,167
33,166
33,163
30,4
30,1
30,3
0,393
0,388
31,5
31,1
31,3
24,4
25,4
25,3
24,1
24,3
51,35
3,2
3,1
3,3
10,136
10,200
10,280
10,207
10,297
10,145
10,164
10,300
11,22
11,28
9,7
9,4
9,1
9,6
9,2
9,3
8,17
8,11
8,9
8,12
8,2
8,3
20,2
20,1
20,3
19,2
19,1
19,3
35,14
35,13
35,12
35,11
35,10
35,9
35,8
35,7
35,6
35,5
35,4
35,3
35,2
35,1
35,0
34,12
34,11
34,10
34,9
34,8
34,7
34,6
34,5
34,4
34,3
34,2
34,1
34,0
33,161
33,123
33,122
33,104
33,103
33,102
33,101
33,100
33,99
33,98
33,97
33,96
